output.asc
NCOLS          60        
NROWS          52        
XLLCENTER      0.00      
YLLCENTER      0.00      
DX             1.00      
DY             1.00      
NODATA_VALUE   -999.00   
[rows 0 to 46 of 52, columns 0 to 59 of 60]
3.80 2.70 1.90 1.79 1.83 1.75 1.61 1.42 1.21 1.05 1.05 1.17 1.58 2.55 3.49 3.63 2.81 1.61 0.75 0.32 0.16 0.30 0.56 1.05 2.07 2.68 2.42 1.63 1.04 0.50 -0.42 -1.81 -2.40 -2.21 -1.07 1.41 4.22 9.49 20.91 33.81 43.53 47.37 47.46 45.50 41.89 36.37 30.32 24.70 19.69 14.51 9.53 5.52 3.41 2.85 3.22 3.85 4.65 5.63 6.78 7.71
2.97 1.65 -0.00 0.64 0.78 0.74 0.65 0.49 0.29 -0.00 0.19 0.23 -0.00 1.63 2.48 2.04 -0.00 -0.80 -1.40 -1.72 -1.80 -1.56 -1.06 -0.08 1.44 2.24 2.40 2.71 3.34 3.73 4.00 -0.00 0.38 0.71 -0.00 4.45 6.49 4.00 23.41 38.73 53.00 51.23 49.20 46.28 43.00 35.30 27.74 21.35 18.00 11.73 6.93 3.04 1.28 1.14 1.78 2.44 3.26 4.28 5.50 6.61
2.50 1.29 0.40 0.17 0.11 0.04 -0.00 -0.12 -0.20 -0.24 -0.21 -0.07 0.35 1.29 1.66 0.89 -0.68 -2.01 -2.59 -2.99 -3.15 -2.85 -2.04 -0.64 1.09 2.27 2.00 5.24 7.60 8.86 8.11 4.00 5.81 6.87 8.66 11.47 14.47 20.00 29.29 41.68 54.00 50.50 47.34 43.87 39.26 32.26 22.89 14.57 10.57 7.54 3.98 -0.00 -0.54 -0.34 0.47 1.06 1.79 2.76 4.01 5.30
2.27 1.24 0.48 -0.00 -0.23 -0.36 -0.41 -0.39 -0.35 -0.33 -0.28 -0.07 0.42 1.08 1.06 0.32 -0.91 -1.87 -2.63 -3.29 -3.55 -3.07 -2.03 -0.57 1.33 3.44 6.03 9.93 14.26 16.92 16.64 14.77 14.07 14.91 17.35 20.40 23.24 28.00 33.93 41.40 45.71 44.85 42.01 38.66 34.37 30.00 17.32 3.00 4.51 3.52 1.57 -0.50 -1.34 -1.06 -0.22 0.24 0.72 1.45 2.50 3.77
2.14 1.22 0.51 0.02 -0.32 -0.49 -0.49 -0.39 -0.29 -0.25 -0.23 -0.07 0.38 0.87 0.70 0.07 -0.58 -0.00 -1.85 -2.71 -2.88 -2.30 -1.42 -0.00 1.63 4.78 9.49 15.72 22.74 27.88 27.26 24.45 22.50 22.62 25.02 30.00 29.54 31.77 35.36 41.00 39.24 37.09 34.32 31.50 27.47 21.43 12.98 5.26 2.02 1.09 0.17 -0.71 -1.29 -1.07 -0.45 -0.13 -0.00 0.49 1.31 2.56
1.97 1.11 0.46 0.02 -0.29 -0.43 -0.37 -0.23 -0.12 -0.00 -0.17 -0.07 0.42 0.78 0.60 -0.00 -0.30 -0.00 -0.94 -1.34 -1.26 -0.78 -0.39 0.08 1.46 5.51 12.37 21.25 31.19 44.00 36.61 32.46 29.74 29.08 30.36 31.96 32.49 32.94 33.44 33.29 31.30 28.15 25.30 23.15 19.93 15.12 9.10 3.89 1.02 -0.06 -0.53 -0.00 -1.00 -0.74 -0.34 -0.00 -0.26 -0.09 -0.00 1.89
1.71 0.89 0.36 -0.00 -0.18 -0.25 -0.14 0.01 0.09 0.04 -0.10 0.03 0.64 0.93 0.60 0.25 -0.11 -0.14 -0.22 -0.15 0.23 0.69 0.75 0.36 -0.00 4.78 14.24 25.65 36.32 43.31 41.00 38.51 35.53 33.67 33.36 33.68 33.57 32.67 30.67 27.48 23.55 18.96 15.33 14.26 12.66 9.57 5.53 1.99 0.08 -0.80 -1.21 -1.14 -0.96 -0.40 -0.17 -0.15 -0.22 -0.00 0.78 1.90
1.36 0.56 0.20 0.06 -0.00 -0.00 -0.00 0.21 0.19 -0.00 -0.00 0.19 0.99 1.16 -0.00 0.41 -0.19 -0.46 -0.00 0.33 1.32 2.08 2.19 1.54 0.74 -0.00 15.23 28.72 40.08 50.00 46.60 43.23 39.74 36.70 34.89 34.23 33.93 32.38 28.76 23.38 17.56 11.48 4.00 6.76 6.63 4.94 2.48 -0.09 -0.68 -1.34 -1.56 -1.35 -0.72 -0.00 0.23 -0.00 0.19 0.58 1.33 2.14
1.04 -0.00 0.06 0.15 0.21 0.26 0.33 0.35 0.24 0.09 -0.02 -0.07 1.27 1.69 1.15 -0.00 -0.75 -1.09 -0.54 0.81 2.77 4.25 4.90 4.66 4.07 4.00 18.71 32.40 42.71 48.81 49.45 46.46 42.30 38.68 36.37 34.00 35.05 33.08 28.17 21.17 13.88 7.48 3.51 2.85 3.00 1.69 0.35 -0.73 -1.06 -1.35 -1.24 -0.96 -0.17 0.72 1.05 0.97 0.97 1.28 1.85 2.35
0.96 -0.00 0.09 0.29 0.42 0.48 0.51 0.46 0.30 0.12 -0.01 0.43 1.54 1.95 1.08 -0.00 -1.01 -1.41 -0.44 1.83 4.68 7.11 8.62 9.23 10.26 14.33 24.46 39.00 44.96 49.74 50.83 49.11 43.65 39.60 38.45 38.55 38.22 35.30 28.61 19.86 11.28 4.60 1.68 0.84 0.42 -0.23 -0.95 -1.43 -1.46 -0.91 -0.00 -0.20 -0.00 1.56 2.17 2.12 1.97 2.09 2.29 2.42
1.16 -0.00 0.26 0.47 0.61 0.65 0.60 0.48 0.21 -0.16 -0.22 0.31 1.23 1.34 0.66 -0.23 -1.02 -1.31 0.03 3.29 7.21 10.60 12.81 14.27 16.30 20.93 29.08 38.74 46.36 50.59 51.57 50.00 44.21 38.00 41.00 42.46 42.11 40.00 29.54 19.18 9.32 -0.00 0.03 -0.26 -0.56 -0.91 -1.42 -1.95 -1.67 -0.00 -0.02 0.52 1.44 2.69 3.47 3.37 3.05 2.84 2.53 2.31
1.67 0.89 0.66 0.69 0.75 0.75 0.59 0.29 -0.24 -0.78 -0.83 -0.35 0.09 0.44 0.09 -0.50 -0.84 -0.64 -0.00 5.42 10.59 14.63 17.28 19.10 21.26 25.58 32.58 40.71 47.76 51.80 52.39 49.95 44.00 44.79 46.26 47.39 45.48 39.93 30.07 18.97 8.76 1.66 -0.37 -0.00 -0.87 -0.95 -1.34 -1.89 -1.81 -1.02 -0.00 0.82 2.23 3.89 4.88 4.74 4.16 3.31 2.33 1.97
2.25 1.48 1.07 0.90 0.80 0.72 0.39 -0.28 -0.97 -1.40 -1.29 -0.97 -0.57 -0.02 -0.06 -0.46 -0.34 0.61 3.30 8.50 14.29 18.80 21.61 23.08 24.92 28.91 35.39 43.21 50.06 53.36 53.85 52.12 50.12 50.35 51.94 54.00 48.87 42.00 31.08 19.35 8.91 -0.00 -0.74 -1.19 -1.28 -1.02 -0.00 -1.40 -1.42 -0.84 -0.12 -0.00 2.99 5.23 6.51 6.42 5.32 3.35 1.63 1.34
2.77 1.93 1.37 1.01 0.71 0.37 -0.00 -0.60 -1.30 -1.63 -1.30 -0.87 -0.57 -0.08 0.14 -0.07 0.48 2.26 5.72 11.34 17.71 22.16 26.00 25.31 26.83 30.78 37.16 45.12 54.00 54.66 54.69 53.86 53.00 54.57 55.97 55.57 51.87 44.10 32.52 20.24 10.16 3.14 -0.28 -1.49 -1.55 -0.95 -0.65 -0.90 -0.75 -0.00 0.39 1.73 4.06 6.75 8.57 8.60 6.64 3.47 -0.23 0.72
3.18 2.22 1.45 0.81 0.29 0.12 -0.00 -0.64 -1.34 -1.64 -1.11 -0.00 -0.38 -0.14 0.22 0.31 1.20 3.44 7.30 13.13 21.42 23.10 24.36 24.97 26.92 31.28 37.94 45.23 51.22 54.00 54.33 54.23 55.00 56.82 58.65 58.10 54.16 48.00 32.89 19.92 10.03 3.58 0.02 -1.12 -0.84 -0.33 -0.00 -0.37 -0.00 0.15 0.54 1.89 4.71 7.99 10.66 11.42 8.45 4.18 1.03 0.75
3.47 2.33 1.22 0.30 0.05 -0.00 0.03 -0.52 -1.22 -1.41 -0.94 -0.46 -0.32 -0.23 0.00 0.52 1.56 3.77 7.49 12.53 17.86 23.00 21.87 22.95 25.87 31.04 37.99 44.78 49.63 51.99 52.67 53.26 54.84 57.40 59.76 60.00 54.05 44.59 30.77 17.34 7.75 2.35 -0.32 -0.95 -0.00 -0.27 -0.20 -0.12 0.07 0.34 -0.00 -0.00 4.66 7.88 11.30 17.00 9.56 4.55 -0.00 1.15
3.74 2.28 0.76 -0.00 0.12 0.33 0.31 -0.20 -0.81 -0.75 -0.28 0.12 0.28 0.20 -0.00 0.64 1.65 3.62 6.99 11.15 14.91 17.12 17.83 20.26 24.63 30.68 38.08 45.07 48.74 50.00 50.32 51.15 53.36 56.47 59.40 59.33 53.46 45.00 27.01 12.56 4.35 0.53 -1.34 -1.84 -1.67 -1.50 -1.04 -0.52 -0.00 1.05 1.64 2.72 4.46 6.44 8.74 9.96 7.75 4.43 2.27 2.19
3.65 1.69 -0.00 -0.00 0.19 0.56 0.73 0.50 -0.00 0.33 0.71 1.15 1.41 1.21 0.82 0.88 1.49 2.86 5.55 9.68 12.75 13.23 13.37 18.28 24.61 30.93 38.25 48.00 48.68 48.00 48.05 48.32 51.10 54.76 57.96 61.00 53.00 38.29 22.01 3.00 1.31 -0.82 -2.07 -2.70 -3.00 -2.96 -2.23 -1.23 0.11 1.66 2.71 3.51 4.03 4.45 5.23 5.77 5.04 3.68 2.88 3.07
2.93 0.99 -0.01 -0.14 0.13 0.60 0.92 0.98 0.63 0.81 1.00 1.79 2.54 2.54 1.00 0.91 0.90 1.91 2.00 10.07 14.12 13.81 5.00 21.00 26.72 32.22 36.00 46.00 50.00 48.89 47.60 43.27 50.04 53.36 54.81 53.05 45.21 33.02 19.13 7.20 1.23 -1.04 -2.26 -3.17 -3.84 -3.87 -2.93 -1.60 -0.00 1.59 2.99 3.49 3.19 2.52 1.91 2.76 2.83 2.65 2.80 3.46
1.75 -0.00 -0.52 -0.44 -0.06 0.29 -0.00 0.37 0.00 0.56 -0.00 2.55 3.77 4.00 2.43 1.08 -0.00 3.25 7.76 14.02 20.02 22.95 22.62 26.34 31.32 35.98 40.03 41.42 48.89 50.89 50.60 50.52 53.00 53.21 52.01 47.70 39.15 28.08 16.50 7.09 1.65 -0.66 -1.95 -3.14 -3.70 -3.64 -2.83 -1.60 -0.37 0.92 2.40 2.94 2.20 1.12 0.74 0.97 1.31 1.72 2.43 3.47
0.73 -0.34 -0.56 -0.00 0.02 -0.04 -0.32 -0.38 -0.00 0.55 1.92 3.70 4.49 4.23 3.12 1.98 2.00 5.80 11.63 18.84 26.78 38.00 33.48 34.67 37.93 41.78 45.11 48.17 51.80 54.08 54.47 55.04 57.00 54.51 51.11 44.93 35.21 24.02 13.39 5.03 1.02 -0.54 -1.79 -2.84 -3.06 -2.64 -2.09 -1.45 -0.53 -0.00 1.33 1.89 1.13 0.10 -0.22 -0.04 0.42 1.08 2.04 3.26
-0.00 -0.00 -0.29 -0.15 -0.12 -0.36 -0.76 -1.08 -1.07 0.17 2.44 4.22 5.00 4.72 3.89 3.28 4.39 8.17 14.37 21.93 29.43 35.41 38.04 40.54 44.30 48.30 51.11 53.70 56.31 57.91 58.53 58.69 58.54 56.40 51.92 44.50 34.07 21.00 11.86 -0.00 -0.00 -0.00 -1.58 -2.25 -2.10 -0.00 -1.05 -1.06 -0.50 0.07 -0.00 0.86 -0.00 -0.52 -0.75 -0.54 -0.00 0.62 1.55 2.86
0.01 -0.45 -0.48 -0.29 -0.21 -0.33 -0.67 -1.09 -1.23 -0.09 1.99 4.27 5.86 5.63 4.68 4.28 5.60 9.38 15.51 24.00 29.12 34.72 39.43 43.89 49.03 56.00 56.29 58.44 60.56 61.61 62.07 62.00 62.00 58.86 54.25 46.13 35.98 25.03 14.87 6.42 1.80 -0.30 -1.12 -1.31 -1.27 -0.64 -0.00 -0.60 -0.00 0.20 -0.00 0.40 -0.03 -0.52 -0.82 -0.62 -0.00 -0.00 0.96 2.36
-0.00 -0.42 -0.42 -0.26 -0.08 -0.00 -0.41 -0.69 -0.68 -0.06 1.46 4.43 8.07 7.08 4.96 4.28 5.50 8.93 14.32 20.68 26.82 33.35 39.64 45.44 51.16 55.92 59.27 62.00 64.00 64.30 64.43 64.11 62.84 60.61 59.00 48.52 38.98 29.35 19.78 11.06 4.41 -0.00 -0.45 -0.00 -0.61 -0.00 -0.45 -0.36 0.14 0.47 0.56 0.33 0.15 -0.14 -0.53 -0.59 -0.39 -0.00 -0.00 1.89
-0.13 -0.00 -0.20 -0.02 0.30 0.43 0.29 -0.02 -0.32 -0.41 0.70 2.00 17.00 7.55 4.05 3.07 4.14 7.02 11.57 17.24 23.00 31.53 39.33 46.24 52.30 57.18 61.02 63.61 65.17 65.67 65.50 64.81 63.29 60.54 56.50 49.86 42.19 34.30 25.60 15.58 6.89 2.03 0.39 -0.08 -0.26 -0.00 -0.19 -0.00 0.50 0.70 0.64 0.33 -0.00 0.04 -0.17 -0.44 -0.52 -0.34 0.29 1.67
-0.00 -0.19 -0.18 0.14 0.87 1.51 1.59 1.24 -0.00 -0.35 0.25 2.68 5.16 3.74 2.00 1.19 2.28 4.86 8.80 14.16 21.17 29.76 39.04 47.05 53.75 59.09 62.65 65.00 65.80 66.19 65.83 65.00 63.40 60.43 56.44 51.52 45.67 39.43 34.00 19.19 8.15 3.42 1.78 0.92 0.58 0.61 0.63 0.74 0.88 0.73 0.39 0.20 0.06 -0.01 -0.10 -0.25 -0.51 -0.45 -0.00 1.49
-0.35 -0.45 -0.25 -0.00 2.10 3.54 4.16 3.95 2.82 -0.00 0.44 0.76 -0.00 0.03 -0.47 -0.00 0.97 3.48 6.93 11.76 18.71 27.90 38.33 48.16 55.52 63.00 63.96 65.25 65.77 65.99 65.94 65.22 63.78 61.33 58.17 54.54 50.14 44.51 36.00 23.01 5.00 6.30 4.54 3.11 2.28 1.94 1.85 1.68 1.28 0.61 0.12 -0.00 -0.05 -0.13 -0.26 -0.16 -0.35 -0.41 0.12 1.35
-0.58 -0.59 -0.00 1.96 4.74 7.21 8.46 8.48 6.96 4.32 1.87 0.24 -0.80 -1.56 -1.72 -0.76 0.99 3.55 6.47 9.99 16.03 25.82 37.93 51.00 56.48 61.19 64.19 65.72 66.00 66.91 66.96 66.42 65.00 63.34 60.63 57.88 55.14 51.00 42.76 31.95 21.64 14.52 9.69 6.43 4.53 3.46 2.68 2.12 1.44 0.67 0.15 -0.00 -0.06 -0.13 -0.28 -0.00 -0.17 -0.30 -0.00 1.41
-0.46 -0.38 0.70 4.57 9.24 12.70 14.19 14.06 11.85 8.16 4.09 0.93 -0.00 -1.69 -1.53 -0.00 3.05 5.60 7.80 9.11 12.65 23.79 37.43 49.40 57.64 62.38 65.03 66.35 66.98 67.53 67.63 67.14 66.68 65.55 64.00 61.34 59.56 60.00 49.39 41.02 36.00 23.48 15.62 10.30 6.66 4.25 2.61 1.53 1.05 0.68 0.37 0.24 -0.00 -0.10 -0.26 -0.00 0.09 0.19 0.76 1.91
0.53 1.14 -0.00 9.24 15.70 19.69 21.15 20.59 17.62 12.66 6.80 2.26 1.46 0.00 -0.00 5.29 8.30 10.45 11.85 11.60 5.00 25.48 40.10 51.86 62.00 63.75 64.96 65.94 66.90 67.54 67.59 67.28 66.69 66.16 65.08 63.83 62.45 59.60 53.29 46.08 38.55 29.42 20.48 13.16 7.73 3.97 1.74 -0.00 0.33 0.35 0.29 0.46 0.36 0.01 -0.12 0.08 0.53 0.83 1.30 2.23
2.46 5.49 10.06 17.00 23.83 28.21 29.38 28.14 24.43 18.72 11.74 2.00 8.33 10.87 12.35 14.36 16.33 18.15 19.78 21.51 25.02 35.20 49.00 55.83 61.27 63.42 64.13 64.96 66.05 66.81 67.30 67.47 66.00 66.84 65.98 64.93 63.60 60.69 55.66 48.87 41.62 33.66 24.69 15.06 7.30 2.94 0.87 0.11 -0.07 -0.00 0.18 0.59 0.50 0.03 -0.04 0.24 0.75 1.18 1.52 2.29
3.79 10.45 17.79 24.90 32.41 37.98 38.54 36.16 31.95 26.28 20.79 17.83 20.03 25.00 24.95 25.68 26.43 27.81 30.08 34.00 39.00 45.81 53.98 59.81 62.83 63.52 63.86 64.23 64.93 65.96 67.31 68.18 68.10 67.38 66.18 65.00 63.92 61.26 56.85 50.63 43.09 35.49 28.00 16.67 6.76 1.57 -0.14 -0.00 -0.50 -0.41 0.16 0.56 0.39 -0.00 -0.00 0.27 0.72 1.15 1.42 2.10
1.00 15.00 24.00 29.00 38.30 50.00 46.61 43.16 39.00 33.46 29.63 28.59 30.81 34.53 37.03 37.48 37.72 38.91 41.00 43.62 47.85 53.36 60.00 63.08 64.30 64.41 64.74 64.69 64.98 65.84 66.72 67.62 67.95 67.17 65.98 64.98 64.03 61.72 57.50 51.49 44.04 35.78 27.66 17.79 3.19 1.76 -0.65 -1.31 -1.02 -0.49 0.20 0.37 0.11 -0.01 -0.00 0.18 0.46 0.79 1.10 1.80
-0.00 8.17 16.18 26.28 38.09 48.27 51.23 47.58 42.00 38.29 35.00 36.07 38.75 43.05 49.00 47.38 48.00 49.86 53.00 52.59 55.18 59.09 63.22 65.31 65.32 65.31 65.40 65.57 67.00 66.11 66.04 66.61 66.75 66.10 65.25 64.00 64.00 61.92 57.77 51.72 44.25 35.88 27.00 23.00 11.04 4.39 0.52 -1.30 -1.06 -0.31 0.22 -0.00 -0.00 -0.02 -0.00 0.11 0.15 -0.00 0.73 1.51
-0.42 2.91 4.00 20.17 33.58 48.00 56.00 48.01 43.55 40.43 39.07 40.31 43.52 47.61 50.94 52.71 54.96 59.00 58.21 58.86 60.59 63.52 66.00 66.71 65.00 66.03 65.64 66.19 66.52 66.00 65.49 65.47 65.10 64.03 63.48 63.46 63.34 61.68 57.51 51.31 43.77 35.67 27.84 20.94 13.27 6.76 2.21 -0.21 -0.00 -0.15 0.25 0.26 0.37 0.42 0.28 0.11 -0.00 0.20 0.57 1.33
-1.22 1.01 5.58 14.73 25.66 35.82 41.78 41.85 40.02 38.80 38.70 40.78 44.77 49.01 51.64 54.24 57.56 62.00 61.56 62.08 63.53 65.70 67.21 67.58 66.90 66.17 65.92 66.36 66.60 66.00 64.53 63.81 62.70 61.07 60.58 61.50 62.35 61.28 56.88 50.21 42.54 34.61 26.97 19.98 13.47 7.74 3.30 0.50 -0.71 -0.59 0.04 0.44 0.79 0.85 0.59 -0.00 0.18 0.20 0.52 1.26
-1.67 0.19 3.48 8.85 15.76 24.06 30.32 32.87 33.27 33.61 34.46 36.97 41.65 49.00 48.83 52.00 56.34 60.42 62.32 63.08 63.00 65.44 66.52 67.21 66.91 65.92 65.61 65.82 66.15 65.52 63.01 60.45 60.00 56.03 55.96 58.24 60.77 62.00 55.94 48.77 40.72 32.68 25.15 18.32 12.48 7.45 3.47 0.66 -0.81 -1.16 -0.00 0.75 1.20 1.30 1.10 0.74 0.50 -0.00 0.47 1.22
-1.96 -0.68 0.96 3.25 4.00 14.18 20.61 24.15 25.52 26.07 26.90 28.81 33.00 36.87 41.15 45.97 51.86 60.00 60.44 62.00 62.67 63.47 63.00 65.27 65.46 65.00 63.92 63.80 63.98 65.00 60.09 54.27 49.28 46.61 48.14 53.17 57.93 57.90 53.40 46.40 38.11 29.83 22.47 16.01 10.65 6.13 2.51 0.17 -1.07 -1.11 -0.04 1.01 1.53 1.69 1.57 1.20 0.82 0.38 0.50 1.20
-2.16 -1.32 -0.67 -0.00 3.13 8.24 13.12 16.25 17.58 17.60 17.11 16.97 18.85 24.41 30.98 37.04 43.26 49.50 55.00 56.24 59.00 59.72 61.03 62.45 63.00 62.05 60.55 59.36 58.56 58.22 55.42 46.08 36.58 32.07 36.18 45.03 56.77 53.77 49.73 43.14 34.87 26.00 19.21 13.01 7.97 3.92 -0.00 -0.78 -1.18 -0.00 0.10 1.09 1.64 1.84 1.75 1.39 0.89 0.44 0.49 1.18
-2.04 -1.61 -1.07 -0.32 1.59 4.53 7.54 9.53 10.29 9.66 7.70 3.00 2.00 12.79 20.45 26.71 32.54 38.02 42.82 46.68 50.09 53.07 56.08 58.32 59.30 58.69 55.83 52.34 49.18 47.22 56.00 33.92 22.38 10.00 22.36 33.00 43.11 47.50 45.30 39.05 31.08 22.87 15.51 9.20 4.41 1.67 -0.12 -1.16 -1.29 -0.92 -0.09 0.99 1.54 1.71 1.55 1.21 0.67 0.31 0.37 1.10
-1.58 -1.49 -1.10 -0.48 0.54 1.89 3.25 4.21 4.39 3.57 1.71 -0.54 0.18 5.47 11.41 16.65 21.41 25.59 30.23 35.27 39.00 44.00 49.36 52.81 54.80 56.00 49.68 43.27 36.69 29.08 11.00 16.63 11.49 8.11 11.86 20.32 33.13 42.76 40.51 33.56 26.02 18.53 11.67 5.69 -0.00 0.02 -0.49 -1.13 -1.30 -1.15 -0.25 0.83 1.34 1.33 1.00 0.67 0.36 0.13 -0.00 1.05
-0.89 -1.00 -0.95 -0.65 -0.16 0.13 -0.00 0.33 0.10 -0.49 -1.60 -2.72 -2.20 0.61 4.30 7.75 10.59 12.87 16.87 23.41 32.00 36.85 41.78 45.61 47.82 49.00 40.91 32.94 25.17 17.19 9.91 6.92 4.51 2.96 3.81 4.00 22.49 48.87 32.59 26.22 20.21 14.22 8.55 3.68 -0.00 -0.29 -0.46 -0.93 -1.15 -1.03 -0.23 0.72 1.06 0.81 -0.00 0.19 0.14 0.08 0.29 1.15
-0.00 -0.51 -0.77 -0.67 -0.54 -0.95 -1.61 -2.10 -2.55 -2.94 -3.48 -4.05 -3.95 -2.61 -0.00 -0.00 1.75 -0.00 2.00 11.81 20.13 29.00 31.97 36.33 38.79 36.82 30.64 23.11 16.12 10.20 5.70 2.70 -0.00 -0.53 -0.31 2.32 8.34 5.00 17.18 17.08 14.11 10.06 5.75 2.16 -0.05 -0.00 -0.00 -0.56 -0.83 -0.69 -0.06 0.61 0.72 0.44 0.12 0.06 0.06 0.07 0.42 1.30
-0.00 -0.36 -0.63 -0.55 -0.00 -1.32 -2.38 -3.13 -3.61 -3.70 -4.14 -4.87 -5.24 -4.43 -2.87 -1.75 -1.93 -2.41 -1.06 3.38 8.93 14.39 19.12 25.59 32.58 27.38 21.31 14.40 8.19 4.49 2.39 0.62 -1.12 -2.12 -2.26 -1.24 0.53 2.79 7.03 9.20 8.57 6.35 3.39 -0.00 0.02 0.06 -0.08 -0.00 -0.41 -0.35 0.10 0.43 0.35 0.21 0.08 0.04 -0.00 -0.00 0.51 1.41
-0.00 0.08 -0.17 -0.00 -0.67 -1.28 -2.08 -2.71 -2.91 -2.87 -3.70 -4.89 -5.43 -4.84 -3.10 -0.00 -2.04 -2.83 -2.63 -1.12 -0.00 4.39 4.00 14.85 19.64 19.00 13.56 7.46 -0.00 -0.00 0.34 -0.00 -1.50 -2.61 -3.06 -2.74 -2.03 -0.34 2.29 4.21 4.52 3.64 2.17 0.85 0.24 0.13 -0.03 -0.05 -0.00 -0.20 0.16 0.31 -0.00 -0.00 0.04 0.05 0.07 0.15 0.57 1.47
1.99 1.28 0.59 -0.01 -0.53 -0.76 -0.99 -1.29 -1.22 -0.00 -2.46 -3.87 -4.39 -3.90 -2.54 -1.39 -1.54 -2.23 -2.45 -2.20 -0.00 0.79 3.56 8.44 11.62 10.86 7.70 3.68 0.50 -0.00 -0.38 -0.00 -1.48 -2.35 -2.78 -2.76 -2.47 -1.48 0.07 1.35 1.92 1.83 1.53 0.76 0.21 -0.15 -0.00 -0.00 -0.27 -0.22 0.32 0.36 0.19 0.07 0.05 0.05 -0.00 0.14 0.57 1.51
3.65 2.58 1.51 0.62 0.09 -0.01 0.06 -0.03 -0.23 -0.39 -1.31 -2.35 -2.71 -2.35 -1.65 -0.95 -0.00 -1.19 -1.66 -1.84 -1.42 -0.28 2.16 5.13 6.81 6.18 3.97 1.73 0.17 -0.44 -0.93 -1.25 -1.49 -1.57 -1.82 -1.94 -1.81 -1.36 -0.59 0.11 0.58 0.91 0.85 0.28 -0.31 -0.75 -0.57 -0.21 -0.29 0.01 0.46 0.39 0.19 0.07 0.05 -0.00 -0.05 0.03 0.52 1.53
