output.asc
NCOLS          60        
NROWS          52        
XLLCENTER      0.00      
YLLCENTER      0.00      
DX             1.00      
DY             1.00      
NODATA_VALUE   -999.00   
[rows 0 to 46 of 52, columns 0 to 59 of 60]
16.19 15.77 15.33 14.87 14.39 13.89 13.38 12.87 12.35 11.84 11.33 10.84 10.36 9.89 9.44 9.01 8.60 8.21 7.86 7.55 7.33 7.25 7.39 7.86 8.74 9.97 11.29 12.16 11.99 10.50 7.79 4.52 2.18 2.70 6.42 11.47 16.53 21.13 25.16 28.67 31.80 34.68 37.31 39.24 38.67 33.53 26.43 19.62 13.94 9.89 7.76 7.20 7.55 8.32 9.27 10.28 11.29 12.27 13.20 14.07
15.87 15.42 14.94 14.43 13.90 13.36 12.80 12.24 11.68 11.13 10.59 10.07 9.57 9.08 8.63 8.19 7.77 7.37 6.99 6.65 6.38 6.24 6.34 6.88 8.08 10.04 12.50 14.58 15.04 13.48 9.89 4.77 0.00 0.01 6.06 12.45 18.21 23.09 27.10 30.39 33.25 35.98 38.81 41.73 43.69 34.38 24.89 16.74 10.13 5.49 3.82 4.21 5.31 6.59 7.90 9.16 10.37 11.50 12.55 13.52
15.54 15.05 14.52 13.97 13.39 12.79 12.19 11.57 10.97 10.37 9.80 9.25 8.73 8.24 7.78 7.35 6.95 6.56 6.18 5.82 5.48 5.22 5.18 5.60 6.96 9.73 13.85 18.22 19.75 18.68 14.72 8.30 0.49 2.04 8.77 15.40 21.21 25.89 29.43 31.99 34.02 35.93 37.96 40.03 41.17 30.77 20.63 12.49 5.98 0.26 0.00 1.77 3.51 5.17 6.73 8.20 9.55 10.80 11.95 13.00
15.20 14.66 14.09 13.48 12.85 12.20 11.53 10.86 10.20 9.56 8.95 8.38 7.85 7.36 6.92 6.51 6.15 5.80 5.46 5.11 4.74 4.36 4.05 4.07 5.11 8.47 14.73 21.78 26.18 26.24 22.56 16.37 11.17 10.87 14.79 20.23 25.46 29.41 32.08 33.32 33.96 34.48 34.79 34.27 30.98 22.83 13.65 7.44 3.04 0.03 -0.49 0.72 2.44 4.19 5.87 7.43 8.87 10.20 11.42 12.54
14.86 14.27 13.64 12.98 12.29 11.57 10.84 10.11 9.39 8.70 8.05 7.46 6.92 6.45 6.03 5.68 5.38 5.13 4.89 4.64 4.33 3.91 3.37 2.77 2.63 5.52 14.98 26.61 34.82 35.08 31.98 25.19 20.61 19.47 21.56 25.59 30.36 32.72 34.78 33.87 32.97 32.01 30.57 27.88 22.89 15.01 4.92 3.12 1.14 -0.23 -0.39 0.52 1.99 3.64 5.29 6.86 8.34 9.71 10.97 12.13
14.50 13.87 13.19 12.47 11.71 10.92 10.12 9.32 8.53 7.78 7.09 6.48 5.94 5.49 5.13 4.85 4.66 4.54 4.49 4.46 4.37 4.16 3.72 2.94 1.73 0.01 15.66 30.96 46.21 41.32 36.46 31.34 27.51 26.08 27.13 29.85 32.75 34.54 34.48 32.95 30.98 28.94 26.37 22.45 17.11 10.61 4.62 1.63 0.26 -0.36 -0.22 0.61 1.89 3.39 4.95 6.48 7.94 9.31 10.58 11.76
14.15 13.47 12.73 11.95 11.12 10.26 9.38 8.49 7.62 6.80 6.07 5.44 4.91 4.50 4.19 4.01 3.95 4.04 4.26 4.57 4.93 5.24 5.42 5.51 5.97 9.36 19.30 31.50 40.43 41.37 38.45 34.85 31.91 30.47 30.83 32.89 34.24 35.77 33.55 30.92 28.10 25.31 22.53 17.71 12.70 7.77 3.70 1.20 0.01 -0.33 -0.03 0.78 1.94 3.31 4.76 6.22 7.63 8.98 10.25 11.43
13.81 13.08 12.29 11.44 10.54 9.60 8.62 7.63 6.67 5.77 4.98 4.33 3.83 3.47 3.23 3.15 3.25 3.57 4.13 4.92 5.90 7.00 8.19 9.62 11.87 16.21 23.34 31.45 37.52 39.70 38.87 36.75 34.59 33.19 32.74 33.12 34.19 33.84 31.52 28.14 24.51 20.92 17.17 12.87 8.62 5.04 2.36 0.67 -0.13 -0.25 0.15 0.95 2.04 3.30 4.66 6.03 7.39 8.70 9.94 11.12
13.48 12.70 11.86 10.95 9.98 8.95 7.87 6.77 5.69 4.68 3.83 3.18 2.72 2.42 2.26 2.26 2.50 3.07 4.01 5.36 7.09 9.13 11.44 14.08 17.28 21.49 26.80 32.33 36.68 38.93 39.21 38.20 36.54 35.56 34.13 34.74 34.46 32.71 29.36 25.04 20.52 16.26 12.18 8.10 4.47 2.24 0.86 0.00 -0.34 -0.22 0.29 1.10 2.13 3.31 4.58 5.88 7.17 8.44 9.65 10.82
13.17 12.35 11.46 10.49 9.45 8.34 7.16 5.94 4.71 3.55 2.61 1.99 1.63 1.41 1.30 1.36 1.70 2.46 3.79 5.74 8.27 11.32 14.77 18.45 22.16 25.95 29.95 33.89 37.15 39.26 40.14 40.10 39.59 39.01 38.33 37.65 36.03 32.74 27.80 21.97 16.36 11.65 7.72 4.06 0.24 -0.02 -0.39 -0.61 -0.57 -0.23 0.37 1.19 2.19 3.30 4.49 5.72 6.95 8.17 9.35 10.51
12.89 12.03 11.09 10.08 8.98 7.80 6.54 5.21 3.82 2.45 1.33 0.84 0.64 0.52 0.47 0.52 0.83 1.71 3.35 5.90 9.26 13.30 17.92 22.70 26.81 29.94 32.86 35.77 38.37 40.36 41.65 42.40 42.85 43.10 42.87 41.68 38.99 34.19 27.13 19.03 11.91 7.09 3.98 1.59 0.00 -0.92 -1.10 -1.02 -0.74 -0.26 0.41 1.23 2.19 3.25 4.37 5.52 6.69 7.86 9.02 10.16
12.64 11.75 10.78 9.73 8.59 7.36 6.04 4.64 3.16 1.61 0.00 -0.03 -0.07 -0.10 -0.11 -0.10 0.01 0.86 2.64 5.79 9.97 14.80 20.50 26.77 31.37 33.18 35.29 37.63 39.91 41.89 43.51 44.83 46.09 47.37 47.88 46.49 43.23 37.36 27.64 16.26 6.75 2.69 1.11 -0.00 -0.82 -1.30 -1.39 -1.20 -0.82 -0.28 0.41 1.22 2.14 3.14 4.19 5.28 6.38 7.51 8.64 9.77
12.42 11.51 10.52 9.44 8.28 7.03 5.69 4.28 2.82 1.38 0.23 -0.26 -0.39 -0.37 -0.28 -0.17 -0.07 0.21 1.62 5.63 10.68 15.88 21.33 30.87 32.92 34.85 36.94 39.24 41.52 43.61 45.47 47.21 48.92 51.36 53.39 51.30 47.67 42.65 29.25 15.07 0.25 0.24 -0.14 -0.67 -1.14 -1.41 -1.44 -1.23 -0.84 -0.30 0.38 1.16 2.03 2.96 3.94 4.96 6.00 7.08 8.19 9.32
12.24 11.32 10.32 9.23 8.06 6.81 5.48 4.11 2.73 1.44 0.43 -0.17 -0.39 -0.30 0.05 0.48 0.79 0.81 0.27 6.60 12.09 17.13 22.57 28.40 32.25 35.07 37.81 40.55 43.11 45.38 47.39 49.40 51.72 54.38 56.22 55.27 50.63 42.66 30.94 17.94 7.28 2.58 0.80 -0.22 -0.88 -1.24 -1.33 -1.17 -0.83 -0.32 0.31 1.05 1.86 2.72 3.63 4.56 5.54 6.57 7.65 8.79
12.11 11.18 10.17 9.09 7.93 6.70 5.41 4.08 2.77 1.56 0.60 0.00 -0.20 0.00 0.89 1.90 2.96 4.14 6.27 10.40 14.62 18.33 22.25 26.63 30.72 34.51 38.24 41.76 44.81 47.21 49.16 51.08 53.52 56.52 58.92 59.47 52.97 43.97 32.99 21.73 12.40 6.35 2.92 0.94 -0.23 -0.87 -1.12 -1.08 -0.81 -0.37 0.20 0.87 1.62 2.42 3.25 4.09 4.97 5.94 7.01 8.18
12.01 11.08 10.09 9.02 7.88 6.68 5.44 4.17 2.92 1.74 0.75 0.14 0.11 0.81 2.17 3.88 5.87 8.38 11.83 15.58 17.74 19.14 20.85 24.78 28.97 33.66 38.60 43.18 46.86 49.28 50.81 52.09 54.14 57.85 60.64 59.84 54.57 45.46 34.80 24.46 15.71 9.24 4.92 2.17 0.48 -0.47 -0.92 -1.00 -0.83 -0.47 0.03 0.63 1.33 2.08 2.82 3.54 4.30 5.18 6.25 7.48
11.95 11.04 10.05 9.00 7.90 6.75 5.57 4.38 3.20 2.04 0.98 0.24 0.34 1.63 3.70 6.06 8.70 11.93 16.08 21.25 19.71 19.27 16.02 23.08 26.51 32.94 39.18 45.02 49.61 51.73 52.59 53.01 53.08 58.80 62.38 59.99 56.11 45.93 35.44 25.68 17.34 10.83 6.13 2.96 0.95 -0.24 -0.83 -1.02 -0.92 -0.62 -0.20 0.33 0.98 1.72 2.40 2.95 3.50 4.26 5.34 6.69
11.93 11.03 10.06 9.04 7.97 6.89 5.79 4.71 3.66 2.61 1.52 0.45 0.33 2.63 5.58 8.29 11.06 14.26 17.80 20.30 19.33 14.47 4.29 17.44 26.03 33.15 40.04 46.79 53.39 53.99 54.45 54.90 56.10 58.73 60.03 57.81 52.42 43.99 34.45 25.32 17.40 11.06 6.35 3.09 0.97 -0.29 -0.93 -1.15 -1.08 -0.83 -0.46 -0.03 0.55 1.38 2.10 2.37 2.56 3.12 4.29 5.87
11.95 11.06 10.11 9.12 8.09 7.07 6.07 5.15 4.32 3.58 2.84 1.83 0.00 5.02 8.35 10.63 12.85 15.64 18.75 21.06 21.30 18.92 16.96 21.61 28.25 34.60 41.12 47.51 52.56 54.93 55.92 56.65 57.65 58.82 58.60 55.16 49.03 41.04 32.21 23.62 16.08 10.03 5.56 2.48 0.50 -0.67 -1.25 -1.42 -1.32 -1.06 -0.71 -0.34 0.00 1.10 2.11 1.80 1.50 1.72 3.18 5.15
12.01 11.14 10.21 9.23 8.23 7.26 6.35 5.60 5.07 4.87 5.08 5.80 7.56 10.65 12.40 12.89 13.79 16.11 19.65 23.12 26.15 27.97 28.26 30.02 33.10 37.02 42.75 48.54 53.02 55.73 57.09 57.79 58.29 58.60 58.28 52.78 45.95 37.94 29.30 20.89 13.57 7.89 3.88 1.23 -0.42 -1.34 -1.75 -1.80 -1.61 -1.28 -0.87 -0.43 0.12 0.85 1.38 1.29 0.78 0.00 2.53 4.83
12.11 11.26 10.34 9.37 8.38 7.42 6.57 5.92 5.64 5.96 7.20 9.88 14.26 18.06 16.87 14.18 13.00 14.70 19.86 24.53 30.67 38.07 37.85 38.80 39.66 39.62 45.87 50.91 54.74 57.21 58.31 58.57 58.33 57.44 55.05 50.04 43.14 35.03 26.21 17.47 10.03 4.80 1.53 -0.47 -1.62 -2.20 -2.37 -2.24 -1.92 -1.48 -0.97 -0.42 0.17 0.77 1.19 1.29 1.22 1.56 3.09 5.10
12.26 11.44 10.53 9.56 8.55 7.55 6.66 6.00 5.77 6.23 7.87 11.40 17.57 26.49 18.73 13.09 9.67 9.96 15.77 23.62 31.86 39.20 44.03 47.24 48.11 48.96 51.47 54.56 57.30 59.44 59.65 59.29 58.29 56.36 52.99 47.80 40.95 32.77 23.53 13.81 5.53 1.11 -1.05 -2.24 -2.87 -3.08 -3.00 -2.69 -2.22 -1.66 -1.03 -0.38 0.28 0.89 1.39 1.76 2.15 2.87 4.14 5.79
12.48 11.69 10.81 9.82 8.75 7.66 6.63 5.81 5.36 5.50 6.55 9.19 13.90 17.14 14.37 9.41 5.13 2.02 11.81 21.70 31.46 39.70 47.37 55.28 55.02 56.65 57.00 58.44 59.94 60.90 60.91 60.15 58.61 56.03 52.11 46.67 39.80 31.69 22.23 11.23 0.01 -1.89 -3.03 -3.63 -3.86 -3.82 -3.54 -3.07 -2.47 -1.79 -1.05 -0.29 0.45 1.16 1.81 2.42 3.10 3.99 5.18 6.61
12.78 12.05 11.20 10.20 9.05 7.81 6.56 5.44 4.61 4.18 4.18 4.41 8.06 9.71 8.31 5.08 2.46 3.73 10.73 20.20 29.89 38.93 47.17 53.69 57.00 59.00 60.43 61.70 62.41 62.61 62.28 61.32 59.54 56.64 52.39 46.71 39.75 31.75 23.11 11.24 1.90 -2.34 -3.73 -4.24 -4.38 -4.25 -3.89 -3.34 -2.64 -1.85 -1.02 -0.16 0.69 1.52 2.32 3.12 3.98 4.97 6.13 7.43
13.17 12.55 11.77 10.78 9.56 8.13 6.57 5.06 3.80 2.90 2.42 2.67 3.90 4.53 3.64 1.71 0.01 4.02 10.72 19.34 28.60 37.60 45.72 52.24 56.77 59.87 62.24 64.38 64.40 64.26 63.80 62.85 61.14 58.23 53.77 47.85 40.70 32.44 22.79 11.77 2.47 -1.63 -3.09 -3.89 -4.30 -4.33 -4.02 -3.45 -2.70 -1.85 -0.92 0.03 0.98 1.92 2.85 3.79 4.77 5.82 6.97 8.20
13.65 13.20 12.58 11.68 10.42 8.78 6.84 4.85 3.13 1.91 1.19 1.02 1.31 1.35 0.77 0.06 0.65 4.32 10.68 18.79 27.68 36.51 44.60 51.32 56.36 60.07 62.88 64.82 65.57 65.62 65.30 64.59 63.32 60.80 56.11 49.93 42.73 34.48 24.96 14.07 2.07 0.92 -0.80 -2.51 -3.65 -4.06 -3.91 -3.40 -2.65 -1.76 -0.78 0.25 1.30 2.34 3.38 4.42 5.48 6.57 7.72 8.90
14.22 14.04 13.69 13.01 11.83 10.02 7.61 4.96 2.72 1.32 0.58 0.00 0.08 -0.19 -0.66 -0.73 0.60 4.30 10.48 18.42 27.17 35.95 44.17 51.15 56.25 60.09 63.14 65.33 66.37 66.72 66.65 66.21 65.43 64.29 58.76 52.62 45.77 38.17 29.78 20.84 12.88 7.90 3.57 -0.33 -2.65 -3.52 -3.58 -3.18 -2.48 -1.59 -0.57 0.52 1.64 2.76 3.88 5.00 6.12 7.24 8.39 9.54
14.82 15.04 15.14 14.90 14.04 12.22 9.29 5.63 2.60 1.36 1.17 0.98 0.52 -0.25 -0.94 -1.06 0.21 3.78 10.13 18.34 27.19 35.93 44.21 51.88 56.24 60.01 63.24 66.01 66.96 67.55 67.74 67.38 66.52 64.65 60.76 55.48 49.45 42.95 36.18 29.54 23.58 17.55 9.37 1.79 -1.60 -2.70 -2.99 -2.78 -2.20 -1.34 -0.31 0.82 1.99 3.18 4.36 5.54 6.70 7.85 8.99 10.11
15.37 16.10 16.87 17.42 17.29 15.93 12.73 7.51 2.69 2.56 3.60 3.74 2.86 1.15 0.00 -0.55 0.24 2.98 10.14 19.12 28.07 36.52 44.29 50.92 55.89 59.78 63.01 65.51 67.06 68.02 68.66 68.07 67.15 65.54 62.71 58.38 53.31 47.99 42.71 37.82 33.58 29.24 16.01 2.34 0.25 -1.25 -2.08 -2.23 -1.82 -1.03 -0.00 1.15 2.37 3.60 4.83 6.04 7.23 8.40 9.53 10.64
15.70 17.04 18.72 20.44 21.65 21.60 19.27 13.41 2.74 7.52 8.96 8.99 7.79 5.05 0.26 2.76 3.27 2.27 12.54 21.83 30.32 38.07 45.01 50.96 55.78 59.66 62.80 65.26 67.01 68.11 68.54 68.26 67.53 66.44 64.96 61.02 56.87 52.64 48.45 44.46 40.64 36.21 22.70 10.99 4.44 0.96 -0.97 -1.63 -1.41 -0.68 0.34 1.51 2.76 4.02 5.29 6.53 7.74 8.91 10.04 11.13
15.58 17.55 20.32 23.60 26.73 28.83 29.27 26.00 23.70 18.60 17.07 16.65 15.76 13.82 11.88 11.96 12.55 14.31 19.95 27.14 34.21 40.79 46.73 51.92 56.30 59.93 62.90 65.27 67.07 68.18 68.43 68.13 67.56 66.72 65.29 62.84 59.83 56.57 53.07 49.26 44.57 37.29 26.72 16.29 8.44 3.11 -0.10 -1.15 -1.00 -0.28 0.73 1.91 3.17 4.46 5.74 7.00 8.22 9.39 10.51 11.58
14.79 17.22 21.15 26.19 31.76 36.13 38.59 38.33 32.41 27.03 25.35 25.68 25.92 25.27 24.42 24.33 24.95 26.36 29.54 34.17 39.34 44.49 49.32 53.66 57.45 60.67 63.35 65.51 67.19 68.48 68.19 67.75 67.25 66.62 65.64 64.15 62.19 59.78 56.71 52.69 47.64 38.70 28.77 19.12 10.99 4.72 0.00 -0.65 -0.50 0.17 1.16 2.34 3.61 4.91 6.20 7.47 8.68 9.85 10.96 12.01
13.30 15.61 20.77 27.34 34.92 42.47 47.28 45.38 39.01 31.52 32.88 34.96 36.98 37.16 36.71 36.76 37.64 37.63 38.88 41.52 44.99 48.76 52.47 55.94 59.06 61.79 64.08 65.89 67.17 67.77 67.54 67.01 66.63 66.29 65.80 65.05 63.96 62.35 59.67 54.83 48.01 39.19 29.52 20.26 12.27 6.03 1.92 0.28 0.12 0.68 1.64 2.81 4.08 5.39 6.68 7.94 9.14 10.30 11.39 12.41
11.23 13.88 18.95 26.39 35.69 46.06 56.52 51.04 44.82 40.19 40.12 43.22 46.92 48.07 47.17 46.88 48.14 46.73 46.81 48.20 50.45 53.10 55.83 58.46 60.92 63.14 65.03 66.44 67.24 67.33 66.79 65.86 65.75 65.63 65.51 65.36 65.00 63.98 62.45 56.00 48.09 38.78 29.10 20.05 12.31 6.40 2.66 0.95 0.67 1.20 2.15 3.32 4.59 5.89 7.17 8.42 9.61 10.74 11.81 12.81
8.32 10.35 14.98 22.77 33.05 44.06 51.87 51.87 47.41 43.94 44.00 47.81 54.91 56.34 53.56 52.83 52.95 52.63 52.66 53.60 55.23 57.11 59.02 60.90 62.74 64.48 66.02 67.13 67.45 67.06 66.13 65.13 64.59 64.43 64.48 64.66 64.94 64.64 62.36 55.00 47.30 37.15 27.47 18.62 11.07 5.47 2.28 1.06 1.03 1.68 2.69 3.88 5.14 6.43 7.69 8.91 10.08 11.19 12.22 13.20
4.74 5.26 8.59 16.43 27.51 39.31 47.88 50.15 45.21 42.41 42.58 45.77 50.36 53.16 54.02 54.88 55.74 55.97 56.28 57.39 59.00 60.45 61.68 62.91 64.20 65.49 66.71 67.75 67.43 66.65 65.08 63.56 62.67 62.37 62.35 62.34 62.60 63.33 57.70 50.76 42.76 33.78 24.73 16.32 8.84 3.28 1.13 0.86 1.33 2.19 3.28 4.49 5.74 7.00 8.24 9.43 10.56 11.63 12.64 13.58
1.53 0.00 0.24 8.41 20.06 32.73 44.34 39.75 37.79 36.16 36.48 39.04 43.04 47.01 50.45 53.91 56.66 56.92 57.24 59.08 61.55 62.74 63.34 64.05 64.95 65.85 66.54 66.90 66.31 65.78 62.87 60.70 59.44 59.09 58.97 58.00 56.86 54.99 50.68 44.63 37.51 29.55 21.40 13.97 6.92 0.00 0.41 1.03 1.85 2.85 3.98 5.18 6.41 7.63 8.82 9.97 11.06 12.09 13.06 13.96
-0.16 -1.81 -1.95 0.28 12.62 23.58 30.03 29.62 27.67 26.89 27.41 29.66 34.16 39.25 44.20 49.51 56.19 53.95 54.32 57.37 62.67 63.00 63.26 63.82 64.71 65.41 65.45 64.78 63.43 61.46 58.72 56.15 54.43 53.85 54.52 51.43 48.99 46.34 42.67 37.91 32.23 25.62 18.04 12.65 7.20 3.02 1.78 2.05 2.79 3.74 4.82 5.96 7.13 8.29 9.43 10.52 11.57 12.55 13.47 14.33
-0.52 -1.93 -2.02 0.81 7.93 15.86 19.73 17.43 16.23 16.62 17.66 18.85 25.17 30.84 35.90 40.53 43.94 44.92 46.70 50.70 55.71 60.01 60.43 61.64 63.24 64.22 63.58 61.91 59.53 56.54 53.20 50.02 47.48 45.79 44.42 42.25 39.90 37.44 34.55 31.19 27.42 22.95 17.70 12.76 8.47 5.35 3.86 3.62 4.06 4.83 5.78 6.83 7.91 9.00 10.07 11.10 12.08 13.02 13.89 14.71
-0.12 -1.34 -1.49 0.17 4.23 10.17 15.42 3.82 5.96 7.34 9.81 13.24 18.03 22.92 27.03 30.05 31.62 32.56 35.63 40.86 46.49 51.15 54.28 57.13 60.03 62.32 60.51 58.23 54.98 51.01 46.81 42.75 39.14 36.15 33.80 31.89 30.20 28.47 26.46 24.40 22.84 21.20 17.39 13.11 9.57 7.06 5.66 5.22 5.42 6.01 6.81 7.74 8.72 9.72 10.72 11.68 12.61 13.48 14.31 15.08
0.66 -0.51 -1.01 -0.73 0.00 4.49 5.71 2.40 0.79 0.00 4.39 8.43 12.46 16.17 19.05 20.72 20.85 19.39 23.80 30.61 36.65 41.76 46.06 50.16 54.53 55.40 55.24 53.72 49.76 44.81 39.79 34.87 30.15 25.90 22.82 21.33 20.67 19.90 18.65 17.14 16.94 20.36 16.11 12.70 10.03 8.14 7.02 6.59 6.69 7.15 7.84 8.65 9.54 10.45 11.37 12.26 13.13 13.95 14.72 15.45
1.65 0.50 -0.24 -0.50 0.03 1.44 1.81 0.61 -0.51 -0.30 2.03 5.16 8.22 10.84 12.69 13.56 13.57 13.97 17.01 22.09 27.47 32.39 36.78 40.84 44.30 46.37 47.64 48.82 43.14 37.72 32.39 26.99 21.38 15.71 11.54 11.24 12.17 12.53 11.96 10.40 7.66 12.22 12.67 11.33 9.85 8.68 7.95 7.69 7.80 8.20 8.81 9.54 10.34 11.17 12.01 12.84 13.64 14.41 15.13 15.81
2.79 1.67 0.84 0.39 0.38 0.64 0.57 0.02 -0.44 -0.12 1.26 3.24 5.26 6.92 7.96 8.33 8.33 8.89 11.06 14.84 19.23 23.42 27.20 30.63 33.61 35.87 37.27 37.10 34.09 29.75 24.99 19.82 14.07 7.54 0.00 3.54 5.90 7.13 7.34 6.81 6.70 8.44 9.70 9.78 9.35 8.88 8.58 8.53 8.73 9.14 9.70 10.37 11.10 11.87 12.64 13.40 14.14 14.85 15.53 16.16
4.00 2.94 2.08 1.48 1.14 0.93 0.65 0.29 0.07 0.31 1.09 2.22 3.37 4.25 4.66 4.56 4.14 4.03 5.32 8.42 12.01 15.24 17.97 20.51 23.03 25.13 26.29 26.14 24.48 21.67 18.10 13.90 9.12 4.07 0.47 0.83 2.58 3.97 4.75 5.17 5.82 6.99 8.10 8.72 8.93 8.98 9.04 9.21 9.52 9.96 10.51 11.14 11.82 12.52 13.24 13.94 14.63 15.29 15.91 16.50
5.24 4.24 3.38 2.70 2.18 1.76 1.37 1.04 0.84 0.92 1.28 1.82 2.34 2.64 2.57 2.08 1.19 0.00 0.00 3.40 6.25 8.36 9.69 10.95 13.24 15.26 16.21 16.24 15.64 14.32 12.20 9.36 6.08 2.89 0.82 0.56 1.46 2.59 3.56 4.41 5.33 6.39 7.41 8.20 8.73 9.11 9.44 9.79 10.20 10.69 11.24 11.84 12.49 13.14 13.80 14.46 15.09 15.70 16.28 16.82
6.48 5.54 4.70 3.98 3.38 2.86 2.41 2.04 1.78 1.69 1.75 1.88 1.97 1.88 1.52 0.85 -0.06 -0.86 -0.71 0.77 2.42 3.42 3.43 2.21 5.53 7.34 7.73 7.54 8.07 8.28 7.56 6.07 4.16 2.34 1.15 0.92 1.44 2.32 3.28 4.25 5.24 6.26 7.24 8.09 8.78 9.35 9.85 10.33 10.82 11.35 11.91 12.50 13.11 13.72 14.34 14.94 15.53 16.09 16.63 17.13
7.70 6.82 6.01 5.29 4.65 4.08 3.59 3.17 2.84 2.60 2.44 2.30 2.11 1.79 1.28 0.60 -0.17 -0.74 -0.79 -0.25 0.41 0.72 0.50 0.38 1.43 2.25 1.86 0.00 2.68 4.04 4.34 3.88 3.02 2.13 1.56 1.51 1.93 2.67 3.56 4.51 5.49 6.47 7.42 8.28 9.04 9.70 10.29 10.85 11.40 11.96 12.52 13.10 13.68 14.26 14.84 15.40 15.95 16.47 16.96 17.43
