output.asc
NCOLS          60        
NROWS          52        
XLLCENTER      0.00      
YLLCENTER      0.00      
DX             1.00      
DY             1.00      
NODATA_VALUE   -999.00   
[rows 0 to 45 of 52, columns 0 to 59 of 60]
14.60 14.60 14.60 14.60 14.60 14.59 14.29 11.89 9.21 11.90 14.58 14.60 14.60 14.60 14.60 14.60 14.60 14.60 14.60 14.58 14.25 14.58 14.58 14.25 14.58 14.59 12.27 9.94 12.27 14.59 14.60 14.58 11.90 9.20 11.90 14.58 14.60 14.61 14.77 14.67 22.27 29.92 22.27 14.66 14.62 17.08 19.56 17.08 14.62 14.60 14.60 14.59 12.31 10.00 12.00 12.29 10.03 12.03 14.57 14.60
14.59 14.40 14.31 14.59 14.59 12.33 9.71 6.64 0.00 9.21 14.23 14.25 14.58 14.60 14.60 14.60 14.60 14.59 14.33 11.89 9.21 11.88 11.88 9.20 11.90 14.28 9.94 2.00 9.94 14.30 14.60 14.25 9.20 0.00 9.20 14.25 14.61 15.93 17.30 17.60 29.96 56.00 29.96 16.28 14.96 19.56 28.00 19.56 14.92 14.60 14.60 14.30 10.00 0.00 5.30 7.52 0.00 5.49 12.02 14.59
12.82 9.52 8.83 12.43 14.29 10.06 0.00 2.70 6.58 11.87 11.88 9.20 11.90 14.58 14.60 14.60 14.57 12.42 10.38 7.02 0.00 8.86 8.85 0.00 9.20 14.22 11.89 9.92 12.27 14.59 14.60 14.59 11.98 9.20 11.90 14.58 14.79 17.64 27.00 27.69 27.64 29.99 27.61 25.33 20.29 17.14 19.56 17.08 14.62 14.60 14.60 14.59 12.02 5.58 0.00 7.57 5.20 0.00 10.03 14.31
6.56 0.00 0.00 10.09 14.31 12.01 5.06 -0.33 9.57 13.93 9.20 0.00 9.20 14.25 14.60 14.59 12.38 6.80 0.00 3.99 6.94 11.87 11.86 8.89 11.86 11.69 8.83 11.80 14.59 14.60 14.62 15.49 15.86 14.88 14.59 14.64 17.66 21.97 30.31 44.00 25.06 17.28 25.34 46.00 30.46 17.92 14.94 14.62 14.60 14.60 14.60 14.60 14.55 9.44 4.87 9.70 11.99 10.03 12.32 14.59
0.00 4.68 8.51 12.43 14.57 11.93 6.70 7.28 12.23 14.22 11.88 9.20 11.90 14.58 14.60 14.35 10.63 0.00 -0.19 0.00 10.19 14.29 11.98 9.52 11.85 8.83 2.00 14.85 17.25 14.64 16.67 19.83 20.00 15.88 14.70 17.86 25.76 32.00 25.33 25.35 22.30 19.74 22.92 30.49 34.00 19.63 14.93 14.60 14.60 14.60 14.60 14.60 14.26 9.29 0.00 9.29 14.24 14.31 14.59 14.60
9.73 11.95 13.98 14.57 14.26 9.31 0.00 8.99 11.58 9.28 11.92 14.22 14.33 14.59 14.60 14.57 10.06 2.93 0.00 7.56 12.36 12.16 6.17 0.00 9.85 11.78 14.62 28.00 20.61 15.29 19.35 26.00 19.83 15.49 14.98 20.44 33.00 25.76 17.69 15.62 20.15 30.00 22.47 19.37 18.15 13.80 12.76 14.28 14.59 14.60 14.60 14.58 14.23 11.93 9.31 11.95 14.58 14.60 14.60 14.60
13.98 11.95 9.73 12.17 14.55 9.32 4.06 8.98 9.23 0.00 9.11 12.16 10.51 12.63 14.32 14.28 9.82 0.00 6.56 12.52 12.27 6.75 0.00 6.16 11.99 12.80 13.69 18.83 17.65 20.64 28.57 24.57 16.71 14.62 14.65 17.98 20.46 17.86 14.64 14.66 15.64 20.00 22.00 16.77 11.66 4.00 6.72 8.71 12.29 14.59 14.58 11.90 9.21 11.88 14.24 14.58 14.59 14.33 14.33 14.59
8.51 4.68 0.00 9.73 13.95 9.31 0.00 9.26 9.80 5.12 6.79 6.05 0.00 7.08 9.96 12.48 12.18 7.24 7.30 11.94 10.42 0.00 3.72 10.76 14.33 11.04 5.00 11.43 15.17 26.58 47.00 26.84 15.39 14.63 18.20 21.80 18.57 14.65 14.59 12.03 5.88 2.00 12.67 15.42 10.30 3.82 0.00 0.00 9.87 14.30 14.23 8.86 0.00 9.21 14.25 14.59 12.61 8.68 8.68 12.61
0.00 0.00 6.56 11.98 14.57 11.96 9.30 9.52 7.45 0.00 0.00 0.00 0.00 3.74 0.00 8.84 11.86 5.90 0.00 9.83 10.41 3.34 0.00 10.05 14.40 12.82 11.04 12.86 15.33 20.64 26.58 20.60 14.67 15.63 21.81 34.00 21.78 15.07 14.31 10.06 0.00 5.39 12.07 14.27 9.67 0.00 5.21 8.61 12.29 14.57 11.94 6.63 6.57 11.88 14.58 14.35 10.40 0.00 0.00 10.40
8.83 9.52 12.82 14.57 14.60 14.57 11.67 6.02 0.00 3.00 0.00 6.38 9.82 7.86 2.00 6.81 6.00 0.00 6.19 9.31 6.70 0.00 0.00 9.63 14.37 14.59 14.41 20.04 26.07 20.09 15.42 14.67 18.94 23.28 22.53 21.81 18.20 14.65 14.96 12.34 9.75 11.99 14.23 14.57 12.14 9.68 11.98 14.28 14.59 14.26 9.31 0.00 8.96 14.24 14.58 14.24 12.59 8.68 8.68 12.61
13.97 14.36 14.25 14.58 14.60 14.30 9.91 0.00 5.71 10.34 10.85 12.66 14.37 13.02 10.90 7.95 0.00 6.22 11.83 9.51 -0.36 5.25 9.40 12.88 14.59 14.63 15.87 30.54 54.00 30.56 16.35 15.22 23.26 38.00 23.28 15.63 14.65 17.51 20.40 15.03 9.39 9.53 9.40 12.01 14.57 14.28 14.58 14.60 14.60 14.56 9.32 4.06 9.31 14.20 11.88 9.21 11.89 14.31 14.33 14.59
9.31 9.32 9.31 11.96 14.58 14.59 12.23 7.30 7.16 12.14 14.33 14.24 14.58 14.57 11.68 6.83 7.17 11.99 14.55 12.07 9.54 11.89 14.36 14.59 14.63 18.75 23.57 34.33 53.00 38.04 30.97 22.48 18.99 23.26 18.94 14.63 14.98 20.42 30.00 15.48 1.00 4.46 0.00 9.41 14.27 14.60 14.60 14.60 14.60 14.26 9.31 0.00 6.62 8.53 6.51 0.00 9.20 14.07 14.35 14.59
0.00 4.05 0.00 9.33 14.26 14.59 12.75 6.19 0.00 9.74 11.58 9.20 11.90 14.23 9.21 0.00 8.88 13.89 14.58 14.58 14.27 14.58 14.60 14.60 15.14 22.88 37.00 28.01 27.03 35.41 57.00 30.28 15.65 15.16 14.63 14.60 14.62 17.54 20.82 12.47 4.48 4.79 5.07 9.56 14.55 14.58 14.25 14.58 14.60 14.58 11.96 8.98 6.58 0.00 6.17 8.83 10.60 9.92 9.59 12.73
9.01 9.30 9.31 11.96 14.58 14.39 9.44 -0.21 4.60 11.27 9.16 0.00 9.20 14.23 11.90 9.19 9.24 9.28 11.96 14.84 14.63 14.80 14.61 14.60 14.63 18.76 23.17 19.29 15.37 22.49 30.28 22.45 14.66 14.60 14.60 14.60 14.63 18.03 21.46 12.83 0.00 5.06 0.00 5.68 12.00 11.88 9.20 11.90 14.58 14.60 14.58 14.24 11.87 6.52 6.49 11.36 9.85 0.00 0.00 10.70
9.59 12.29 14.24 14.58 14.60 14.31 8.82 0.00 5.80 8.88 9.19 9.18 11.90 14.58 14.58 13.91 9.26 0.00 11.08 18.23 18.10 17.62 16.12 14.81 14.64 17.03 23.18 24.89 18.45 14.68 15.62 14.66 14.60 14.60 14.60 14.60 15.04 21.42 33.00 18.82 9.84 9.55 5.68 0.00 9.63 8.90 0.00 9.20 14.25 14.60 14.60 14.60 14.23 8.86 0.00 9.57 10.23 0.00 5.61 12.47
0.00 9.02 14.30 14.60 14.60 14.59 12.45 9.78 7.05 0.00 9.19 13.90 14.58 14.60 14.58 14.22 9.83 3.89 10.83 24.00 21.57 23.00 19.11 17.81 18.50 23.75 40.00 48.00 26.80 15.12 14.60 14.60 14.60 14.60 14.60 14.60 14.63 18.01 21.42 18.00 14.29 14.53 11.68 9.96 12.28 11.86 8.85 11.88 14.58 14.60 14.60 14.60 14.58 11.90 9.29 13.24 16.00 11.69 12.43 14.57
0.00 8.01 14.44 14.60 14.58 14.25 14.57 14.31 11.88 9.20 11.90 14.58 14.60 14.58 11.90 8.94 7.53 0.00 4.00 15.30 17.90 17.82 19.11 23.00 23.39 32.00 37.34 48.00 27.08 15.19 14.60 14.60 14.60 14.60 14.60 14.60 14.60 14.63 15.04 14.61 14.23 11.95 9.32 11.65 14.20 11.86 8.86 11.88 14.58 14.60 14.60 14.60 14.60 14.59 14.95 16.60 16.55 14.96 14.24 14.58
0.00 8.68 14.28 14.58 11.90 9.20 11.90 14.58 14.58 14.25 14.56 14.26 14.57 14.01 9.19 0.00 7.10 6.27 4.90 11.02 14.60 14.82 16.37 17.83 21.36 30.00 29.27 26.92 19.05 15.41 14.67 15.04 15.33 14.64 14.63 15.21 14.65 14.84 14.60 11.90 8.87 6.62 0.00 6.63 8.53 6.51 0.00 9.21 14.25 14.60 14.60 14.60 14.58 14.35 15.95 18.00 16.03 11.99 9.20 11.90
7.24 6.94 11.89 14.23 9.20 0.00 9.20 14.25 14.60 14.58 11.94 9.28 10.04 10.77 10.00 9.19 11.58 9.68 2.00 9.97 14.32 16.63 19.00 16.85 19.15 28.06 36.00 28.52 25.21 26.64 23.72 26.56 28.56 20.15 20.16 24.30 21.19 18.34 15.82 9.21 0.00 3.94 3.38 3.95 0.00 6.50 8.56 11.87 14.39 14.39 14.59 14.58 11.96 9.32 9.93 10.52 12.22 9.18 0.00 9.20
8.57 0.00 9.21 14.23 11.90 9.20 11.90 14.56 14.25 14.24 9.29 0.00 5.49 4.00 10.79 14.01 14.57 13.16 11.71 13.16 14.87 21.60 32.00 21.94 20.18 32.00 33.22 42.00 35.17 48.00 36.68 49.00 53.00 32.64 38.75 50.00 29.56 23.00 13.64 9.87 8.86 6.62 0.00 6.63 8.86 9.58 9.60 10.64 10.27 9.88 13.02 14.25 9.33 0.00 3.88 -0.38 9.14 11.54 9.20 11.90
6.51 6.51 11.88 14.56 14.23 14.23 14.56 11.90 9.20 11.88 11.92 9.28 10.06 11.05 12.72 14.59 14.71 16.32 19.00 16.32 15.15 27.74 45.00 27.76 17.68 19.97 28.63 36.80 31.71 30.45 41.44 54.00 39.61 32.96 56.00 46.00 25.27 12.94 2.00 8.95 13.91 11.60 9.32 11.95 13.94 9.96 0.00 3.10 0.00 -0.22 9.48 14.37 11.96 9.30 8.97 9.12 11.87 14.56 14.25 14.58
0.00 8.86 14.21 11.90 9.20 11.90 14.23 9.20 0.00 9.20 14.23 14.28 16.69 18.37 16.80 14.63 14.61 15.47 16.34 15.47 15.31 28.02 49.00 28.02 15.32 15.88 29.35 52.00 28.76 30.19 58.00 59.00 27.92 21.39 28.67 24.98 17.04 10.38 4.00 10.06 11.73 9.18 11.56 14.56 14.59 12.04 6.04 0.00 2.69 0.00 9.38 14.34 14.23 12.23 10.33 12.24 14.56 14.38 14.32 14.59
9.21 11.90 14.23 9.20 0.00 9.20 14.22 11.60 9.18 11.90 14.59 15.82 20.53 28.00 21.87 16.17 14.60 14.61 14.71 14.62 14.79 19.86 25.43 19.85 14.70 23.05 38.20 36.62 22.37 31.36 62.00 40.91 20.15 14.68 15.44 20.33 25.48 18.90 12.09 13.11 9.19 0.00 9.20 14.25 14.60 14.57 12.32 10.61 10.61 10.73 12.75 11.98 9.12 6.10 0.00 8.69 12.53 9.32 8.80 12.48
14.25 14.58 14.58 11.90 9.20 11.88 12.30 10.01 11.67 14.55 14.73 16.53 22.00 23.78 23.00 12.72 12.22 14.58 14.61 15.75 16.90 16.11 15.30 14.64 15.69 31.38 60.00 32.26 15.78 21.32 28.43 21.92 14.68 14.60 15.31 25.48 44.00 25.47 15.16 14.57 11.90 9.20 11.90 14.58 14.60 14.60 14.57 14.10 14.38 14.36 14.25 9.38 0.00 3.59 0.00 6.75 7.78 0.00 0.00 10.17
14.60 14.58 14.26 14.56 14.25 14.29 10.02 0.00 5.50 12.02 14.30 15.55 16.55 17.13 12.71 2.00 9.42 14.27 14.75 16.89 23.00 21.94 17.29 14.62 14.66 23.00 31.38 23.00 14.66 14.65 15.47 14.65 14.60 14.65 15.61 20.71 25.51 20.05 14.64 14.60 14.58 14.25 14.58 14.60 14.60 14.59 12.73 9.48 9.73 13.17 14.22 9.86 4.98 7.95 7.96 4.85 0.00 1.69 6.33 12.46
14.58 11.96 9.33 11.96 14.58 14.59 12.00 5.16 0.00 7.47 9.72 12.30 14.41 14.57 10.30 5.37 10.09 14.57 14.59 13.61 17.04 27.00 19.67 14.93 14.60 14.66 15.69 14.66 14.60 14.60 14.60 14.60 14.65 21.85 33.72 31.33 21.05 14.73 14.60 14.60 14.60 14.60 14.60 14.60 14.60 14.36 10.69 0.00 -0.20 7.18 8.89 6.32 0.00 8.36 9.33 0.00 2.24 0.00 9.76 14.29
14.26 9.31 0.00 9.31 14.26 14.58 11.92 6.73 4.89 3.32 0.00 7.72 9.72 11.76 8.75 0.00 8.78 14.34 14.28 9.71 4.00 14.77 16.82 14.62 14.60 14.60 14.67 15.80 14.74 15.85 14.67 14.60 15.53 29.61 63.00 62.00 39.99 22.74 14.69 15.31 14.64 14.60 14.60 14.60 14.60 14.59 12.48 5.60 0.00 4.40 0.00 4.38 0.00 5.48 9.97 9.83 7.52 5.54 9.84 14.56
14.56 9.32 4.05 9.32 14.55 13.98 9.30 0.00 4.58 0.00 5.31 7.44 0.00 5.32 6.19 0.00 8.71 14.33 14.58 12.14 9.70 12.50 15.28 14.64 14.60 14.67 23.89 33.22 33.56 33.98 24.27 14.67 14.65 21.85 34.70 46.27 60.00 29.71 21.02 25.48 20.05 14.64 14.60 14.60 14.60 14.58 11.93 7.30 8.20 10.17 9.32 7.98 2.77 -0.29 10.43 13.74 10.05 0.00 6.34 12.44
14.26 9.31 0.00 9.29 12.11 10.29 9.80 9.28 9.74 10.14 12.07 11.99 5.57 0.00 8.12 10.08 12.59 14.59 14.60 14.60 14.58 19.86 25.10 19.86 14.64 15.80 33.16 66.00 52.47 68.00 33.91 15.85 14.60 14.65 15.67 23.73 30.57 22.88 25.53 44.00 25.51 15.84 14.63 14.60 14.58 13.92 9.29 0.00 9.08 14.23 13.97 9.99 0.00 5.89 12.24 14.56 9.85 1.86 0.00 10.84
14.58 11.96 9.33 11.68 10.29 3.00 10.29 13.98 14.57 14.32 14.59 14.55 9.80 5.59 10.09 14.39 14.59 14.60 14.62 16.65 19.36 27.15 43.00 25.10 15.28 14.67 23.89 33.22 33.56 34.05 25.55 14.74 14.60 14.65 21.55 35.02 35.62 21.37 20.89 25.55 24.20 22.93 18.76 14.72 11.96 9.28 6.74 4.16 9.38 14.55 14.30 12.11 10.01 12.05 14.56 14.02 10.03 0.00 6.07 12.43
14.60 14.58 14.26 14.57 12.45 10.31 12.45 14.59 14.61 14.83 14.88 14.32 10.03 2.00 10.63 15.90 15.45 14.99 15.25 18.72 26.00 24.49 25.40 19.86 14.64 14.60 14.67 15.80 14.80 25.73 34.40 24.48 14.67 15.49 29.24 65.00 64.00 35.68 28.43 22.05 22.97 37.00 23.70 16.42 10.13 0.00 4.15 0.00 9.42 12.10 8.82 9.48 12.52 14.53 12.07 10.07 8.24 4.36 6.22 12.54
14.60 14.60 14.60 14.60 14.59 14.37 15.41 15.12 16.73 19.97 20.33 16.67 13.05 10.18 16.75 26.00 25.26 24.74 23.08 22.40 27.74 27.99 19.49 14.67 14.60 14.60 14.60 14.60 15.95 35.59 68.00 34.38 16.75 15.31 21.58 35.01 41.88 50.67 63.00 31.36 20.27 23.03 20.37 19.00 13.58 9.41 9.38 9.43 11.74 10.08 0.00 0.00 6.64 9.52 5.65 0.00 5.79 0.00 0.00 10.33
14.58 14.25 14.58 14.60 14.65 20.80 30.34 31.12 28.32 31.00 29.00 25.14 26.01 20.30 21.98 38.00 37.00 39.00 41.00 35.55 49.00 54.00 28.66 16.10 14.65 14.60 14.60 14.67 24.37 43.84 44.07 31.06 32.36 31.27 19.45 16.40 28.90 64.00 63.00 35.50 25.83 20.80 15.51 16.42 15.41 14.27 14.56 14.27 14.57 12.43 8.50 4.42 0.00 5.38 0.00 2.96 4.82 6.18 8.70 12.57
11.90 9.21 11.90 14.58 15.40 27.41 56.00 52.00 42.00 27.64 26.83 38.41 50.00 25.88 25.79 35.55 30.44 32.90 46.69 57.00 59.00 62.00 37.82 29.66 22.39 14.75 15.84 15.92 33.96 67.00 36.08 29.51 65.00 65.00 30.87 15.30 21.10 32.90 31.15 29.60 46.00 30.71 19.55 17.71 16.10 14.61 14.60 14.60 14.60 14.57 11.59 6.63 7.13 9.98 9.77 6.70 0.00 8.96 13.98 14.59
9.21 0.00 8.85 14.24 14.82 27.58 43.87 37.71 28.75 26.79 29.52 49.00 37.18 28.77 41.30 56.00 28.46 31.14 61.00 53.65 62.00 49.92 48.39 65.00 40.03 30.21 33.76 24.25 24.36 33.96 24.34 21.96 44.28 63.00 31.39 15.48 23.61 33.37 24.21 20.35 30.70 35.00 23.14 23.00 17.23 14.78 14.60 14.60 14.60 14.25 9.21 0.00 8.90 14.22 14.29 11.89 9.22 11.90 14.58 14.60
11.88 6.48 6.46 12.86 17.48 29.36 52.00 29.15 24.00 36.00 28.10 31.76 33.46 34.77 58.99 41.29 22.84 22.37 30.79 39.42 64.00 55.99 65.00 59.88 66.00 51.32 67.00 33.73 15.98 17.10 14.74 14.69 21.55 28.25 20.71 15.80 32.51 63.00 32.51 15.82 18.05 20.16 18.84 14.90 10.69 11.90 14.58 14.60 14.59 14.34 11.87 8.86 11.88 14.58 14.60 14.58 14.25 14.58 14.60 14.60
14.23 8.81 0.00 11.18 21.14 26.21 29.69 22.80 21.38 25.75 23.12 29.11 47.00 33.58 29.94 30.15 30.00 22.32 15.75 29.35 53.67 64.00 39.80 42.86 65.00 44.09 34.72 24.25 24.26 33.75 24.19 14.72 22.13 30.33 22.13 14.72 23.57 32.51 23.57 14.66 14.64 15.36 13.89 9.37 0.00 9.20 14.25 14.59 12.69 10.53 10.01 8.94 11.93 14.58 14.60 14.60 14.60 14.60 14.60 14.60
14.58 11.88 9.17 13.06 19.40 23.00 18.48 17.58 22.00 21.61 25.00 25.33 28.80 24.63 22.56 32.97 56.00 29.91 16.58 29.95 62.00 40.56 21.82 22.20 30.98 22.50 16.85 15.96 33.75 66.35 33.75 16.81 29.55 55.00 29.55 15.57 14.66 15.76 14.66 14.62 17.87 17.99 11.53 8.72 8.82 11.88 14.58 14.34 8.80 0.00 3.50 0.00 8.96 14.22 14.26 14.58 14.58 14.25 14.58 14.60
14.60 14.56 13.89 14.56 13.78 12.71 13.64 13.24 11.91 15.13 18.48 18.57 21.00 22.40 31.00 28.27 30.30 22.27 14.71 22.25 29.91 22.93 14.74 21.36 31.01 33.19 31.19 21.94 24.24 33.75 24.19 14.72 22.09 29.55 22.07 14.43 14.59 14.60 14.60 15.03 20.76 26.00 4.00 5.97 8.45 11.87 14.23 14.31 8.71 0.00 6.04 6.39 6.66 9.30 9.31 11.94 11.88 9.20 11.90 14.58
14.58 11.83 9.06 11.52 9.86 2.00 9.53 8.84 0.00 9.16 14.75 14.25 11.11 12.70 18.58 17.65 15.61 14.66 14.60 14.66 15.59 14.66 15.47 28.25 60.00 62.00 63.02 29.39 15.61 15.84 14.67 14.60 14.65 15.56 12.94 11.17 12.89 14.59 14.60 14.62 17.87 18.00 11.20 6.06 0.00 6.52 8.86 11.89 12.57 10.37 12.23 8.98 0.00 4.06 0.00 8.98 8.86 0.00 9.20 14.25
14.23 8.77 -0.39 9.02 11.52 9.85 12.19 11.50 9.11 11.90 14.87 12.00 1.00 0.00 10.72 14.36 14.60 14.59 14.30 14.59 14.60 14.60 14.65 21.86 38.69 56.00 39.83 22.46 15.00 14.62 14.60 14.59 14.31 14.36 11.16 5.00 11.16 14.38 14.60 14.60 14.70 15.15 14.27 11.86 8.52 6.49 0.00 8.96 14.22 14.34 14.57 11.96 9.31 9.32 9.31 11.94 11.88 9.20 11.90 14.58
12.01 7.26 6.76 9.11 9.17 11.57 11.86 9.19 11.53 14.28 14.64 13.21 9.06 8.68 12.57 14.59 14.59 12.27 9.94 12.26 14.33 14.60 14.83 14.69 19.82 23.63 19.91 17.35 19.93 17.27 14.60 12.32 10.03 11.99 10.24 5.95 10.27 14.57 14.60 14.61 14.75 15.00 14.73 11.89 8.83 9.16 7.23 7.75 12.62 14.59 14.60 14.58 14.24 14.21 14.24 14.56 14.23 14.23 14.58 14.60
5.49 0.00 9.31 8.54 0.00 8.86 8.86 0.00 7.07 8.46 9.37 12.80 14.32 14.33 14.59 14.60 14.30 9.94 2.00 7.94 10.31 14.39 18.16 16.39 14.64 15.16 14.98 19.93 29.00 19.93 14.65 10.03 0.00 5.16 6.78 0.00 9.35 14.26 14.60 14.60 14.68 14.75 14.33 9.20 0.00 8.91 7.98 0.00 8.67 14.32 14.31 14.57 11.90 9.20 11.88 11.88 9.20 11.90 14.58 14.60
0.00 5.47 9.31 6.49 6.50 11.86 11.88 8.93 7.45 0.00 0.00 7.22 12.15 14.57 14.58 14.25 14.57 12.27 9.69 8.27 4.00 14.17 24.00 18.17 14.83 14.60 14.60 16.97 19.91 17.27 14.60 12.02 5.50 0.00 5.51 5.03 10.05 14.23 14.58 14.60 14.60 14.61 14.58 11.90 9.20 11.62 8.57 -0.29 8.55 11.75 10.03 11.97 9.18 0.00 8.85 8.85 0.00 9.18 13.90 14.58
10.03 11.67 9.17 0.00 8.86 14.23 14.58 14.24 12.44 8.55 5.35 0.00 6.76 12.42 11.88 9.20 11.90 14.57 14.29 12.58 10.59 14.04 18.14 16.39 14.61 14.57 12.02 10.05 12.66 14.60 14.60 14.57 12.03 9.78 6.52 0.00 6.21 9.17 12.01 14.58 14.60 14.60 14.60 14.58 14.25 14.57 12.53 9.91 9.96 5.49 0.00 9.66 11.58 9.20 11.86 11.64 9.17 9.19 9.18 11.90
14.31 14.57 11.90 9.19 11.67 14.33 14.58 14.34 14.32 14.27 9.83 2.17 0.00 10.41 8.95 0.00 9.18 13.90 14.58 14.57 11.64 9.21 12.13 14.60 14.59 12.03 5.49 0.00 10.03 14.29 14.33 14.33 14.57 14.04 8.71 -0.28 3.53 0.00 9.41 14.25 14.25 14.58 14.60 14.60 14.60 14.58 11.88 8.65 7.32 0.00 2.81 6.64 11.87 14.22 12.70 10.66 11.78 9.15 0.00 9.20
